(0.000000,0.000000,1.580796,-25.9987170446,2599.87000958,2600.000000)
(-2.497917,49.916708,1.670796,-259.56603786,2587.01091455,2600.000000)
(-9.966711,99.334665,1.770796,-516.539427337,2548.17327119,2600.000000)
(-22.331755,147.760103,1.870796,-768.351725602,2483.87512282,2600.000000)
(-39.469503,194.709171,1.970796,-1012.48690741,2394.75891528,2600.000000)
(-61.208719,239.712769,2.070796,-1246.50565472,2281.71506827,2600.000000)
(-87.332193,282.321237,2.170796,-1468.06972957,2145.87307852,2600.000000)
(-117.578906,322.108844,2.270796,-1674.96533696,1988.59023431,2600.000000)
(-151.646645,358.678045,2.370796,-1865.12524437,1811.43805382,2600.000000)
(-189.195016,391.663455,2.470796,-2036.64943687,1616.18658307,2600.000000)
(-229.848847,420.735492,2.570796,-2187.82410142,1404.78671023,2600.000000)
(-273.201939,445.603680,2.670796,-2317.13875075,1179.35067294,2600.000000)
(-318.821123,466.019543,2.770796,-2423.30131563,942.130953562,2600.000000)
(-366.250586,481.779093,2.870796,-2505.2510548,695.497773127,2600.000000)
(-415.016429,492.724865,2.970796,-2562.16915355,441.915408844,2600.000000)
(-464.631399,498.747493,3.070796,-2593.48690507,183.917571874,2600.000000)
(-510.000000,500.000000,3.141593,-2600.0,-0.00090066653721,2600.000000)
(-560.000000,500.000000,3.141593,-2600.0,-0.00090066653721,2600.000000)
(-610.000000,500.000000,3.141593,-2600.0,-0.00090066653721,2600.000000)
(-660.000000,500.000000,3.141593,-2600.0,-0.00090066653721,2600.000000)
(-710.000000,500.000000,3.141593,-2600.0,-0.00090066653721,2600.000000)
(-760.000000,500.000000,3.141593,-834.6,-0.000289113958445,834.600000)
(-810.000000,500.000000,3.141593,-1016.6,-0.000352160616049,1016.600000)
(-860.000000,500.000000,3.141593,-1198.6,-0.000415207273654,1198.600000)
(-910.000000,500.000000,3.141593,-1380.6,-0.000478253931259,1380.600000)
(-960.000000,500.000000,3.141593,-1562.6,-0.000541300588863,1562.600000)
(-1010.000000,500.000000,3.141593,-1744.6,-0.000604347246468,1744.600000)
(-1060.000000,500.000000,3.141593,-1926.6,-0.000667393904073,1926.600000)
(-1110.000000,500.000000,3.141593,-2108.6,-0.000730440561678,2108.600000)
(-1160.000000,500.000000,3.141593,-2290.6,-0.000793487219282,2290.600000)
(-1210.000000,500.000000,3.141593,-2472.6,-0.000856533876887,2472.600000)
(-1260.000000,500.000000,3.141593,-2600.0,-0.00090066653721,2600.000000)
(-1310.000000,500.000000,3.141593,-2600.0,-0.00090066653721,2600.000000)
(-1360.000000,500.000000,3.141593,-2600.0,-0.00090066653721,2600.000000)
(-1410.000000,500.000000,3.141593,-2600.0,-0.00090066653721,2600.000000)
(-1460.000000,500.000000,3.141593,-2600.0,-0.00090066653721,2600.000000)
(-1510.000000,500.000000,3.141593,-2600.0,-0.00090066653721,2600.000000)
(-1560.000000,500.000000,3.141593,-2600.0,-0.00090066653721,2600.000000)
(-1610.000000,500.000000,3.141593,-2600.0,-0.00090066653721,2600.000000)
(-1660.000000,500.000000,3.141593,-2600.0,-0.00090066653721,2600.000000)
(-1710.000000,500.000000,3.141593,-2600.0,-0.00090066653721,2600.000000)
(-1760.000000,500.000000,3.141593,-2600.0,-0.00090066653721,2600.000000)
(-1810.000000,500.000000,3.141593,-2600.0,-0.00090066653721,2600.000000)
(-1860.000000,500.000000,3.141593,-2600.0,-0.00090066653721,2600.000000)
(-1910.000000,500.000000,3.141593,-2600.0,-0.00090066653721,2600.000000)
(-1960.000000,500.000000,3.141593,-2600.0,-0.00090066653721,2600.000000)
(-2010.000000,500.000000,3.141593,-2593.5,-0.000898414870867,2593.500000)
(-2060.000000,500.000000,3.141593,-2528.5,-0.000875898207437,2528.500000)
(-2110.000000,500.000000,3.141593,-2463.5,-0.000853381544007,2463.500000)
(-2160.000000,500.000000,3.141593,-2398.5,-0.000830864880577,2398.500000)
(-2210.000000,500.000000,3.141593,-2333.5,-0.000808348217146,2333.500000)
(-2260.000000,500.000000,3.141593,-2268.5,-0.000785831553716,2268.500000)
(-2310.000000,500.000000,3.141593,-2203.5,-0.000763314890286,2203.500000)
(-2360.000000,500.000000,3.141593,-2138.5,-0.000740798226856,2138.500000)
(-2410.000000,500.000000,3.141593,-2073.5,-0.000718281563425,2073.500000)
(-2460.000000,500.000000,3.141593,-2008.5,-0.000695764899995,2008.500000)
(-2510.000000,500.000000,3.141593,-1943.5,-0.000673248236565,1943.500000)
(-2560.000000,500.000000,3.141593,-1878.5,-0.000650731573135,1878.500000)
(-2610.000000,500.000000,3.141593,-1813.5,-0.000628214909704,1813.500000)
(-2660.000000,500.000000,3.141593,-1748.5,-0.000605698246274,1748.500000)
(-2710.000000,500.000000,3.141593,-1683.5,-0.000583181582844,1683.500000)
(-2760.000000,500.000000,3.141593,-1618.5,-0.000560664919413,1618.500000)
(-2810.000000,500.000000,3.141593,-1553.5,-0.000538148255983,1553.500000)
(-2860.000000,500.000000,3.141593,-1488.5,-0.000515631592553,1488.500000)
(-2910.000000,500.000000,3.141593,-1423.5,-0.000493114929123,1423.500000)
(-2960.000000,500.000000,3.141593,-1358.5,-0.000470598265692,1358.500000)
(-3010.000000,500.000000,3.141593,-1293.5,-0.000448081602262,1293.500000)
(-3060.000000,500.000000,3.141593,-1228.5,-0.000425564938832,1228.500000)
(-3110.000000,500.000000,3.141593,-1163.5,-0.000403048275402,1163.500000)
(-3160.000000,500.000000,3.141593,-1098.5,-0.000380531611971,1098.500000)
(-3210.000000,500.000000,3.141593,-1033.5,-0.000358014948541,1033.500000)
(-3260.000000,500.000000,3.141593,-968.5,-0.000335498285111,968.500000)
(-3310.000000,500.000000,3.141593,-903.5,-0.000312981621681,903.500000)
(-3360.000000,500.000000,3.141593,-838.5,-0.00029046495825,838.500000)
(-3406.980000,500.000000,3.122796,-779.862211524,14.6605264691,780.000000)
(-3456.686081,504.685428,2.953623,-766.260814623,145.754464679,780.000000)
(-3504.641077,518.576650,2.765653,-725.527172659,286.374443226,780.000000)
(-3549.155592,541.184295,2.577683,-659.23407184,416.905790948,780.000000)
(-3588.661434,571.711924,2.389713,-569.716939211,532.750043806,780.000000)
(-3621.766861,609.084085,2.201743,-478.534531097,655.019192503,811.200000)
(-3647.305608,651.984202,2.013773,-369.994041032,779.88374108,863.200000)
(-3664.377977,698.900957,1.825803,-230.860907804,885.603907652,915.200000)
(-3672.382528,748.181530,1.637833,-64.7893185823,965.027556186,967.200000)
(-3672.962355,796.149995,1.570208,0.599622634768,1019.19982361,1019.200000)
(-3672.932947,846.149986,1.570208,0.630215626337,1071.19981461,1071.200000)
(-3672.903538,896.149978,1.570208,0.660808617907,1123.19980561,1123.200000)
(-3672.874130,946.149969,1.570208,0.691401609477,1175.19979661,1175.200000)
(-3672.844722,996.149960,1.570208,0.721994601047,1227.19978762,1227.200000)
(-3672.815314,1046.149952,1.570208,0.752587592616,1279.19977862,1279.200000)
(-3672.785905,1096.149943,1.570208,0.783180584186,1331.19976962,1331.200000)
(-3672.756497,1146.149934,1.570208,0.813773575756,1383.19976062,1383.200000)
(-3672.736000,1191.200000,1.568550,3.22392550472,1435.196379,1435.200000)
(-3672.283840,1241.197431,1.553550,25.6474657529,1486.97883223,1487.200000)
(-3671.004994,1291.180495,1.536883,52.189387305,1538.3149573,1539.200000)
(-3668.893314,1341.135304,1.520216,80.4491026667,1589.16499517,1591.200000)
(-3665.949385,1391.047982,1.503550,110.41590222,1639.48606842,1643.200000)
(-3662.174025,1440.904665,1.486883,142.08298954,1689.23517134,1695.200000)
(-3657.568284,1490.691503,1.470216,175.437797601,1738.36975905,1747.200000)
(-3652.133440,1540.394668,1.453550,210.466613092,1786.84762774,1799.200000)
(-3645.871003,1590.000353,1.436883,242.994471406,1803.70554328,1820.000000)
(-3638.782713,1639.494780,1.420216,273.021690083,1799.40522305,1820.000000)
(-3630.870538,1688.864200,1.403550,302.971273518,1794.60536259,1820.000000)
(-3622.136677,1738.094900,1.386883,332.838496254,1789.30671921,1820.000000)
(-3612.583555,1787.173204,1.370216,362.613262293,1783.51103782,1820.000000)
(-3602.213826,1836.085481,1.353550,392.285523509,1777.22032063,1820.000000)
(-3591.030370,1884.818144,1.336883,421.8505982,1770.43556019,1820.000000)
(-3579.036294,1933.357657,1.320216,451.298490193,1763.15900382,1820.000000)
(-3567.921763,1975.579246,1.308992,471.059344761,1757.98267731,1820.000000)
(-3554.980577,2023.875474,1.308992,471.059344761,1757.98267731,1820.000000)
(-3542.039391,2072.171703,1.308992,471.059344761,1757.98267731,1820.000000)
(-3529.098204,2120.467932,1.308992,471.059344761,1757.98267731,1820.000000)
(-3516.157018,2168.764160,1.308992,471.059344761,1757.98267731,1820.000000)
(-3503.215832,2217.060389,1.308992,471.059344761,1757.98267731,1820.000000)
(-3490.274646,2265.356618,1.308992,471.059344761,1757.98267731,1820.000000)
(-3477.333460,2313.652846,1.308992,471.059344761,1757.98267731,1820.000000)
(-3464.888665,2360.068259,1.307329,474.816358223,1760.28929054,1823.202940)
(-3451.465517,2408.232159,1.290663,508.664447074,1768.04579917,1839.762340)
(-3437.241539,2456.165661,1.273996,542.903447242,1775.15809137,1856.321740)
(-3422.220683,2503.855450,1.257329,577.519470344,1781.6158469,1872.881140)
(-3406.407119,2551.288280,1.240663,612.498349525,1787.40910986,1889.440540)
(-3389.805241,2598.450974,1.223996,647.831027892,1792.52635422,1905.999940)
(-3372.419660,2645.330434,1.207329,683.502854418,1796.95805845,1922.559340)
(-3354.255205,2691.913636,1.190663,719.498920587,1800.69508554,1939.118740)
(-3335.316923,2738.187642,1.173996,755.809483059,1803.72642399,1955.678140)
(-3315.610073,2784.139597,1.157329,792.419173943,1806.04340118,1972.237540)
(-3295.140130,2829.756738,1.140663,829.312390164,1807.63774802,1988.796940)
(-3273.912779,2875.026393,1.123996,866.478731032,1808.4990072,2005.356340)
(-3251.933917,2919.935989,1.107329,903.902160679,1808.61940263,2021.915740)
(-3229.209649,2964.473049,1.090663,941.566431601,1807.99157943,2038.475140)
(-3205.746287,3008.625204,1.073996,979.4605171,1806.60567253,2055.034540)
(-3181.550349,3052.380189,1.057329,1017.56776517,1804.45484719,2071.593940)
(-3158.989983,3091.770371,1.047196,1040.00279422,1801.33122663,2080.000000)
(-3133.989926,3135.071608,1.047196,1040.00279422,1801.33122663,2080.000000)
(-3108.989869,3178.372846,1.047196,1040.00279422,1801.33122663,2080.000000)
(-3083.989811,3221.674083,1.047196,1040.00279422,1801.33122663,2080.000000)
(-3058.989754,3264.975320,1.047196,1040.00279422,1801.33122663,2080.000000)
(-3034.203340,3307.844917,1.042200,1045.72465588,1790.52320825,2073.526806)
(-3008.628632,3350.808581,1.025533,1066.83226153,1758.68810057,2056.967406)
(-2982.341448,3393.340053,1.008867,1087.16986786,1726.65182054,2040.408006)
(-2955.349090,3435.427518,0.992200,1106.74014712,1694.42893825,2023.848606)
(-2927.659056,3477.059286,0.975533,1125.54087072,1662.03721524,2007.289206)
(-2899.279037,3518.223793,0.958867,1143.57028143,1629.49445287,1990.729806)
(-2870.216916,3558.909605,0.942200,1160.83188389,1596.81499532,1974.170406)
(-2840.480765,3599.105419,0.925533,1177.3245683,1564.01653178,1957.611006)
(-2810.078846,3638.800072,0.908867,1193.04769339,1531.11676186,1941.051606)
(-2779.019602,3677.982536,0.892200,1208.00558007,1498.12975722,1924.492206)
(-2747.311661,3716.641928,0.875533,1222.19822393,1465.07306768,1907.932806)
(-2714.963830,3754.767509,0.858867,1235.62608456,1431.96422444,1891.373406)
(-2681.985095,3792.348690,0.842200,1248.29428037,1398.81698113,1874.814006)
(-2648.384616,3829.375032,0.825533,1260.2038951,1365.64868231,1858.254606)
(-2614.171727,3865.836249,0.808867,1271.35647022,1332.47662547,1841.695206)
(-2579.355930,3901.722213,0.792200,1281.7579004,1299.31420184,1825.135806)
(-2547.298430,3933.877870,0.785398,1286.93455204,1286.93413148,1820.000000)
(-2511.943091,3969.233209,0.785398,1286.93455204,1286.93413148,1820.000000)
(-2476.587752,4004.588548,0.785398,1286.93455204,1286.93413148,1820.000000)
(-2441.232413,4039.943887,0.785398,1286.93455204,1286.93413148,1820.000000)
(-2405.877074,4075.299226,0.785398,1286.93455204,1286.93413148,1820.000000)
(-2370.521735,4110.654565,0.785398,1286.93455204,1286.93413148,1820.000000)
(-2335.166396,4146.009904,0.785398,1286.93455204,1286.93413148,1820.000000)
(-2299.811057,4181.365243,0.785398,1286.93455204,1286.93413148,1820.000000)
(-2265.253647,4216.211298,0.797065,1281.09075378,1311.33756372,1833.248408)
(-2230.612839,4252.266209,0.813731,1270.43271663,1344.54220533,1849.808917)
(-2196.577730,4288.893432,0.830398,1259.01923936,1377.75374903,1866.369427)
(-2163.157773,4326.082794,0.847065,1246.84853978,1410.9549471,1882.929936)
(-2130.362252,4363.823964,0.863731,1233.91929474,1444.12850138,1899.490446)
(-2098.200276,4402.106459,0.880398,1220.22620521,1477.26073199,1916.050955)
(-2066.680779,4440.919645,0.897065,1205.76856917,1510.33414589,1932.611465)
(-2035.812516,4480.252742,0.913731,1190.54614565,1543.33122278,1949.171975)
(-2005.604061,4520.094822,0.930398,1174.55442936,1576.23795511,1965.732484)
(-1976.063806,4560.434821,0.947065,1157.79381555,1609.03666668,1982.292994)
(-1947.199956,4601.261531,0.963731,1140.26516503,1641.70968197,1998.853503)
(-1919.020528,4642.563613,0.980398,1121.96478659,1674.24271283,2015.414013)
(-1891.533350,4684.329594,0.997065,1102.89418652,1706.61796293,2031.974522)
(-1864.746057,4726.547873,1.013731,1083.05534445,1738.8176725,2048.535032)
(-1838.666090,4769.206723,1.030398,1062.44539607,1770.82731339,2065.095541)
(-1813.300693,4812.294294,1.047065,1040.23875969,1801.1949708,2080.000000)
(-1790.601602,4851.610244,1.047198,1039.99919156,1801.33330663,2080.000000)
(-1765.601604,4894.911516,1.047198,1039.99919156,1801.33330663,2080.000000)
(-1740.601606,4938.212787,1.047198,1039.99919156,1801.33330663,2080.000000)
(-1715.601608,4981.514058,1.047198,1039.99919156,1801.33330663,2080.000000)
(-1690.601610,5024.815330,1.047198,1039.99919156,1801.33330663,2080.000000)
(-1665.601612,5068.116601,1.047198,1039.99919156,1801.33330663,2080.000000)
(-1640.601614,5111.417872,1.047198,1039.99919156,1801.33330663,2080.000000)
(-1615.601616,5154.719144,1.047198,1039.99919156,1801.33330663,2080.000000)
(-1590.601618,5198.020415,1.047198,1039.99919156,1801.33330663,2080.000000)
(-1565.601620,5241.321686,1.047198,1039.99919156,1801.33330663,2080.000000)
(-1541.320114,5283.453469,1.052197,1027.69798885,1800.75651745,2073.375796)
(-1516.899949,5327.083707,1.068864,989.575832251,1803.11641251,2056.815287)
(-1493.210312,5371.114869,1.085531,951.662703816,1804.70985292,2040.254777)
(-1470.257784,5415.534725,1.102197,913.97530064,1805.54358578,2023.694268)
(-1448.048740,5460.330936,1.118864,876.52470357,1805.62741631,2007.133758)
(-1426.589350,5505.491058,1.135531,839.327207464,1804.96861315,1990.573248)
(-1405.885574,5551.002549,1.152197,802.398897743,1803.57486749,1974.012739)
(-1385.943164,5596.852766,1.168864,765.750232431,1801.4565802,1957.452229)
(-1366.767658,5643.028973,1.185531,729.396867146,1798.62193886,1940.891720)
(-1348.364383,5689.518344,1.202197,693.354222909,1795.07953232,1924.331210)
(-1330.738451,5736.307965,1.218864,657.63210485,1790.84032294,1907.770701)
(-1313.894757,5783.384840,1.235531,622.245477119,1785.91336653,1891.210191)
(-1297.837982,5830.735891,1.252197,587.209049796,1780.30810874,1874.649682)
(-1282.572584,5878.347967,1.268864,552.531942866,1774.03602647,1858.089172)
(-1268.102804,5926.207842,1.285531,518.228384168,1767.10700152,1841.528662)
(-1254.432661,5974.302221,1.302197,484.31232493,1759.53128173,1824.968153)
(-1242.615821,6018.135545,1.308997,467.205244153,1743.63413422,1805.142857)
(-1229.674863,6066.431835,1.308997,460.796393005,1719.71597028,1780.380952)
(-1216.733906,6114.728125,1.308997,454.387542116,1695.79780731,1755.619048)
(-1203.792948,6163.024414,1.308997,447.978690968,1671.87964337,1730.857143)
(-1190.851990,6211.320704,1.308997,441.56983982,1647.96147943,1706.095238)
(-1177.911032,6259.616994,1.308997,435.160988673,1624.04331549,1681.333333)
(-1164.970075,6307.913284,1.308997,428.752137783,1600.12515252,1656.571429)
(-1152.029117,6356.209574,1.308997,422.343286636,1576.20698858,1631.809524)
(-1139.088159,6404.505864,1.308997,415.934435488,1552.28882464,1607.047619)
(-1126.147201,6452.802153,1.308997,409.52558434,1528.3706607,1582.285714)
(-1113.206244,6501.098443,1.308997,403.757618436,1506.84431364,1560.000000)
(-1100.947061,6548.154388,1.323997,364.92734852,1448.49607502,1493.757962)
(-1089.136562,6596.738895,1.340663,325.626856417,1389.8808811,1427.515924)
(-1078.137407,6645.513486,1.357330,288.38426005,1330.37630336,1361.273885)
(-1067.952652,6694.464613,1.373997,253.219449274,1270.03440711,1295.031847)
(-1058.585126,6743.578680,1.390663,220.150897089,1208.90776208,1228.789809)
(-1050.037431,6792.842044,1.407330,189.192204668,1147.0499682,1162.547771)
(-1042.311941,6842.241021,1.423997,160.35953294,1084.51421301,1096.305732)
(-1035.410802,6891.761890,1.440663,133.667598871,1021.35409467,1030.063694)
(-1029.335931,6941.390894,1.457330,109.126790034,957.623897087,963.821656)
(-1024.089016,6991.114249,1.473997,86.7494791663,893.377690853,897.579618)
(-1019.671514,7040.918142,1.490663,66.5465727775,828.669853181,831.337580)
(-1016.084652,7090.788740,1.507330,48.5252119321,763.555165437,765.095541)
(-1013.329426,7140.712190,1.523997,32.6939361674,698.088336239,698.853503)
(-1011.406601,7190.674625,1.540663,19.0598032647,632.324275628,632.611465)
(-1010.316713,7240.662166,1.557330,7.6266852794,566.318074506,566.369427)
(-1010.044700,7286.060200,1.570796,0.0001699333462,520.0,520.000000)
(-1010.044700,7336.060200,1.570796,0.0001699333462,520.0,520.000000)
(-1010.044700,7386.060200,1.570796,0.0001699333462,520.0,520.000000)
(-1010.044700,7436.060200,1.570796,0.0001699333462,520.0,520.000000)
(-1010.044700,7486.060200,1.570796,0.0001699333462,520.0,520.000000)
(-1010.044700,7536.060200,1.570796,0.0001699333462,520.0,520.000000)
(-1010.044700,7586.060200,1.570796,0.0001699333462,520.0,520.000000)
(-1010.044700,7636.060200,1.570796,0.000224312016984,686.4,686.400000)
(-1010.044700,7686.060200,1.570796,0.000292285355464,894.4,894.400000)
(-1010.044700,7736.060200,1.570796,0.000360258693944,1102.4,1102.400000)
(-1010.044700,7786.060200,1.570796,0.000428232032424,1310.4,1310.400000)
(-1010.044700,7836.060200,1.570796,0.000496205370904,1518.4,1518.400000)
(-1010.044700,7886.060200,1.570796,0.000564178709383,1726.4,1726.400000)
(-1010.044700,7936.060200,1.570796,0.000632152047863,1934.4,1934.400000)
(-1010.044700,7986.060200,1.570796,0.000700125386343,2142.4,2142.400000)
(-1010.044700,8036.060200,1.570796,0.000768098724823,2350.4,2350.400000)
(-1010.044700,8086.060200,1.570796,0.000836072063303,2558.4,2558.400000)
(-1010.044700,8136.060200,1.570796,0.000849666730999,2600.0,2600.000000)
(-1010.044700,8186.060200,1.570796,0.000849666730999,2600.0,2600.000000)
(-1010.044700,8236.060200,1.570796,0.000849666730999,2600.0,2600.000000)
(-1010.044700,8286.060200,1.570796,0.000849666730999,2600.0,2600.000000)
(-1010.044700,8336.060200,1.570796,0.000849666730999,2600.0,2600.000000)
(-1010.044700,8386.060200,1.570796,0.000849666730999,2600.0,2600.000000)
(-1010.044700,8436.060200,1.570796,0.000849666730999,2600.0,2600.000000)
(-1010.044700,8486.060200,1.570796,0.000849666730999,2600.0,2600.000000)
(-1010.044700,8536.060200,1.570796,0.000849666730999,2600.0,2600.000000)
(-1010.044700,8586.060200,1.570796,0.000849666730999,2600.0,2600.000000)
(-1010.044700,8636.060200,1.570796,0.000849666730999,2600.0,2600.000000)
(-1010.044700,8686.060200,1.570796,0.000849666730999,2600.0,2600.000000)
(-1010.044700,8736.060200,1.570796,0.000849666730999,2600.0,2600.000000)
(-1010.044700,8786.060200,1.570796,0.000849666730999,2600.0,2600.000000)
(-1010.044700,8836.060200,1.570796,0.000849666730999,2600.0,2600.000000)
(-1010.044700,8886.060200,1.570796,0.000849666730999,2600.0,2600.000000)
(-1010.044700,8936.060200,1.570796,0.000849666730999,2600.0,2600.000000)
(-1010.044700,8986.060200,1.570796,0.000849666730999,2600.0,2600.000000)
(-1010.044700,9036.060200,1.570796,0.000849666730999,2600.0,2600.000000)
(-1010.044700,9086.060200,1.570796,0.000849666730999,2600.0,2600.000000)
(-1010.044700,9136.060200,1.570796,0.000849666730999,2600.0,2600.000000)
(-1010.044700,9186.060200,1.570796,0.000849666730999,2600.0,2600.000000)
(-1010.044700,9236.060200,1.570796,0.000849666730999,2600.0,2600.000000)
(-1010.044700,9286.060200,1.570796,0.000849666730999,2600.0,2600.000000)
(-1010.190532,9334.999595,1.579130,-21.6672995319,2599.90971538,2600.000000)
(-1010.904790,9384.994198,1.591034,-52.6143586756,2599.46758573,2600.000000)
(-1012.214156,9434.976755,1.602939,-83.5565608353,2598.65701876,2600.000000)
(-1014.118446,9484.940183,1.614844,-114.486920745,2597.47815101,2600.000000)
(-1016.617390,9534.877401,1.626749,-145.401054727,2595.93114957,2600.000000)
(-1019.710633,9584.781332,1.638653,-176.291987386,2594.01640997,2600.000000)
(-1023.397738,9634.644903,1.650558,-207.16053058,2591.7338819,2600.000000)
(-1027.678181,9684.461048,1.662463,-237.99971346,2589.08403425,2600.000000)
(-1032.551356,9734.222707,1.674368,-268.805165272,2586.06724258,2600.000000)
(-1038.016572,9783.922826,1.686273,-299.57252004,2582.68393444,2600.000000)
(-1044.073056,9833.554363,1.698177,-330.294838253,2578.93491966,2600.000000)
(-1050.719948,9883.110284,1.710082,-360.972927338,2574.82009968,2600.000000)
(-1057.956306,9932.583566,1.721987,-391.599856686,2570.34035728,2600.000000)
(-1065.781105,9981.967197,1.733892,-422.171285623,2565.49632734,2600.000000)
(-1074.193237,10031.254178,1.745796,-452.680321054,2560.28914909,2600.000000)
(-1083.191508,10080.437525,1.757701,-483.127764798,2554.71868566,2600.000000)
(-1092.774644,10129.510266,1.769606,-513.506736124,2548.78614873,2600.000000)
(-1102.941286,10178.465448,1.781511,-543.812929501,2542.49237909,2600.000000)
(-1113.689993,10227.296133,1.793415,-574.039513873,2535.83884277,2600.000000)
(-1125.019244,10275.995400,1.805320,-604.187283638,2528.82536493,2600.000000)
(-1136.927430,10324.556347,1.817225,-634.24942354,2521.45348336,2600.000000)
(-1149.412866,10372.972092,1.829130,-664.221672951,2513.72424287,2600.000000)
(-1162.473781,10421.235773,1.841034,-694.097278345,2505.639433,2600.000000)
(-1176.108325,10469.340551,1.852939,-723.877024894,2497.19884127,2600.000000)
(-1190.314566,10517.279609,1.864844,-753.55417827,2488.40432816,2600.000000)
(-1205.090489,10565.046151,1.876749,-783.124532409,2479.2571401,2600.000000)
(-1220.434001,10612.633409,1.888653,-812.581426623,2469.75938608,2600.000000)
(-1236.342927,10660.034638,1.900558,-841.925635082,2459.91081647,2600.000000)
(-1252.815013,10707.243121,1.912463,-871.150519651,2449.71361022,2600.000000)
(-1269.847924,10754.252167,1.924368,-900.251938364,2439.16921255,2600.000000)
(-1287.439246,10801.055114,1.936273,-929.225766754,2428.27911789,2600.000000)
(-1305.586487,10847.645329,1.948177,-958.065481393,2417.04582773,2600.000000)
(-1324.287074,10894.016209,1.960082,-986.771840228,2405.46904685,2600.000000)
(-1343.538358,10940.161183,1.971987,-1015.3383465,2393.5513452,2600.000000)
(-1363.337609,10986.073710,1.983892,-1043.76095157,2381.29441187,2600.000000)
(-1383.682022,11031.747283,1.995796,-1072.03325845,2368.70105602,2600.000000)
(-1404.568713,11077.175431,2.007701,-1100.1560102,2355.77094668,2600.000000)
(-1425.994723,11122.351714,2.019606,-1128.12283975,2342.50696017,2600.000000)
(-1447.957015,11167.269731,2.031511,-1155.92978344,2328.91097635,2600.000000)
(-1470.452476,11211.923115,2.043415,-1183.57058528,2314.98610572,2600.000000)
(-1493.477918,11256.305538,2.055320,-1211.0459717,2300.73198231,2600.000000)
(-1517.030079,11300.410710,2.067225,-1238.34971979,2286.15178225,2600.000000)
(-1541.105620,11344.232380,2.079130,-1265.47795985,2271.24757196,2600.000000)
(-1565.701129,11387.764339,2.091034,-1292.42459105,2256.02275619,2600.000000)
(-1590.813120,11431.000416,2.102939,-1319.19032159,2240.47693481,2600.000000)
(-1616.438035,11473.934484,2.114844,-1345.76908677,2224.61357658,2600.000000)
(-1642.572243,11516.560458,2.126749,-1372.15711967,2208.43492975,2600.000000)
(-1669.212038,11558.872298,2.138653,-1398.34848843,2191.94468564,2600.000000)
(-1696.353646,11600.864007,2.150558,-1424.3438814,2175.14241086,2600.000000)
(-1723.993220,11642.529633,2.162463,-1450.13740588,2158.03185891,2600.000000)
(-1752.126844,11683.863272,2.174368,-1475.72540623,2140.61545482,2600.000000)
(-1780.750529,11724.859066,2.186273,-1501.10425592,2122.89566697,2600.000000)
(-1809.860220,11765.511204,2.198177,-1526.26825321,2104.87653301,2600.000000)
(-1839.451790,11805.813927,2.210082,-1551.21805945,2086.55757938,2600.000000)
(-1869.521047,11845.761521,2.221987,-1575.94801565,2067.94290346,2600.000000)
(-1900.063728,11885.348326,2.233892,-1600.45461692,2049.03514347,2600.000000)
(-1931.075505,11924.568730,2.245796,-1624.73236015,2029.8386039,2600.000000)
(-1962.551984,11963.417177,2.257701,-1648.78188341,2010.35278022,2600.000000)
(-1994.488702,12001.888159,2.269606,-1672.59772918,1990.58203457,2600.000000)
(-2026.881135,12039.976225,2.281511,-1696.1765221,1970.529169,2600.000000)
(-2059.724690,12077.675978,2.293415,-1719.51297022,1950.19874506,2600.000000)
(-2093.014715,12114.982073,2.305320,-1742.60768685,1929.59022845,2600.000000)
(-2126.746490,12151.889224,2.317225,-1765.45542831,1908.70823612,2600.000000)
(-2160.915235,12188.392201,2.329130,-1788.05295645,1887.55572764,2600.000000)
(-2195.516108,12224.485830,2.341034,-1810.39520244,1866.13751127,2600.000000)
(-2230.544206,12260.164996,2.352939,-1832.48275348,1844.45302413,2600.000000)
(-2265.994563,12295.424642,2.364844,-1854.31059158,1822.50712754,2600.000000)
(-2301.862155,12330.259772,2.376749,-1875.87562316,1800.30293185,2600.000000)
(-2338.141901,12364.665448,2.388653,-1897.17301401,1777.84548117,2600.000000)
(-2374.828657,12398.636795,2.400558,-1918.20332386,1755.13418528,2600.000000)
(-2411.917224,12432.168998,2.412463,-1938.96177183,1732.17413887,2600.000000)
(-2449.402348,12465.257304,2.424368,-1959.44541589,1708.96859601,2600.000000)
(-2487.278713,12497.897025,2.436273,-1979.65135294,1685.52084556,2600.000000)
(-2525.540954,12530.083534,2.448177,-1999.57505741,1661.83621027,2600.000000)
(-2564.183648,12561.812271,2.460082,-2019.21705293,1637.9140677,2600.000000)
(-2603.201317,12593.078738,2.471987,-2038.57287016,1613.7597879,2600.000000)
(-2642.588432,12623.878505,2.483892,-2057.63976586,1589.3767942,2600.000000)
(-2682.339412,12654.207205,2.495796,-2076.41347296,1564.77061875,2600.000000)
(-2722.448622,12684.060542,2.507701,-2094.89448485,1539.94061487,2600.000000)
(-2762.910379,12713.434284,2.519606,-2113.0785929,1514.89235929,2600.000000)
(-2803.718947,12742.324269,2.531511,-2130.96321991,1489.62940202,2600.000000)
(-2844.868545,12770.726401,2.543415,-2148.544367,1464.15747207,2600.000000)
(-2886.353338,12798.636657,2.555320,-2165.82249622,1438.4759,2600.000000)
(-2928.167450,12826.051079,2.567225,-2182.79366915,1412.59045655,2600.000000)
(-2970.304953,12852.965784,2.579130,-2199.45548051,1386.50481039,2600.000000)
(-3012.759875,12879.376957,2.591034,-2215.80420865,1360.22487439,2600.000000)
(-3055.526200,12905.280854,2.602939,-2231.84028324,1333.74995786,2600.000000)
(-3098.597868,12930.673805,2.614844,-2247.56004502,1307.08601249,2600.000000)
(-3141.968773,12955.552210,2.626749,-2262.96126606,1280.23681727,2600.000000)
(-3185.632769,12979.912544,2.638653,-2278.04051039,1253.20845553,2600.000000)
(-3229.583669,13003.751356,2.650558,-2292.79817432,1226.0002169,2600.000000)
(-3273.815242,13027.065265,2.662463,-2307.23088603,1198.61822052,2600.000000)
(-3318.321222,13049.850968,2.674368,-2321.33660002,1171.06634715,2600.000000)
(-3363.095300,13072.105236,2.686273,-2335.11331712,1143.34850165,2600.000000)
(-3408.131130,13093.824915,2.698177,-2348.55796932,1115.47096095,2600.000000)
(-3453.422331,13115.006927,2.710082,-2361.67090998,1087.4329924,2600.000000)
(-3498.962483,13135.648269,2.721987,-2374.44913727,1059.24090485,2600.000000)
(-3544.745132,13155.746017,2.733892,-2386.89084018,1030.89869389,2600.000000)
(-3590.763791,13175.297322,2.745796,-2398.99325296,1002.41277538,2600.000000)
(-3637.011937,13194.299414,2.757701,-2410.75669368,973.782400676,2600.000000)
(-3683.483015,13212.749599,2.769606,-2422.17846424,945.014014371,2600.000000)
(-3730.170441,13230.645262,2.781511,-2433.25694587,916.111693734,2600.000000)
(-3777.067597,13247.983868,2.793415,-2443.98968135,887.081979002,2600.000000)
(-3824.167836,13264.762959,2.805320,-2454.37695276,857.924107236,2600.000000)
(-3871.464485,13280.980157,2.817225,-2424.41281932,815.193698974,2557.795591)
(-3918.950839,13296.633163,2.829130,-2389.3225052,771.858688799,2510.901804)
(-3966.620170,13311.719761,2.841034,-2353.54960836,729.479090806,2464.008016)
(-4014.465720,13326.237810,2.852939,-2317.11337252,688.060179106,2417.114228)
(-4062.480711,13340.185254,2.864844,-2280.03091018,647.614073002,2370.220441)
(-4110.658335,13353.560117,2.876749,-2242.32023942,608.150212074,2323.326653)
(-4158.991767,13366.360502,2.888653,-2203.99894475,569.679949565,2276.432866)
(-4207.474156,13378.584596,2.900558,-2165.08648125,532.207693529,2229.539078)
(-4256.098630,13390.230665,2.912463,-2125.60064631,495.744247303,2182.645291)
(-4304.858300,13401.297061,2.924368,-2085.55996065,460.297874307,2135.751503)
(-4353.746254,13411.782213,2.936273,-2044.98306248,425.876540411,2088.857715)
(-4402.755564,13421.684637,2.948177,-2003.88830763,392.489915533,2041.963928)
(-4451.879284,13431.002929,2.960082,-1962.2953644,360.141314462,1995.070140)
(-4501.110453,13439.735769,2.971987,-1920.22276289,328.839844432,1948.176353)
(-4550.442093,13447.881917,2.983892,-1877.68955168,298.592262924,1901.282565)
(-4599.867214,13455.440222,2.995796,-1834.7146059,269.406857474,1854.388778)
(-4649.378809,13462.409610,3.007701,-1791.31772048,241.286060891,1807.494990)
(-4698.969864,13468.789094,3.019606,-1747.51791059,214.237589269,1760.601202)
(-4748.633348,13474.577771,3.031511,-1703.33456826,188.26697216,1713.707415)
(-4798.362225,13479.774819,3.043415,-1658.78699275,163.381087738,1666.813627)
(-4848.149445,13484.379503,3.055320,-1613.89507024,139.581482578,1619.919840)
(-4897.987955,13488.391169,3.067225,-1568.67820842,116.874457008,1573.026052)
(-4947.870689,13491.809250,3.079130,-1523.15606692,95.2642958643,1526.132265)
(-4997.790579,13494.633260,3.091034,-1477.34828167,74.7564477772,1479.238477)
(-5047.740551,13496.862800,3.102939,-1431.27478559,55.3515695179,1432.344689)
(-5097.713524,13498.497554,3.114844,-1384.95529309,37.0545271809,1385.450902)
(-5147.702417,13499.537289,3.126749,-1338.40965185,19.8683484793,1338.557114)
(-5197.700145,13499.981859,3.138653,-1291.65774601,3.79703726729,1291.663327)
(-5245.044700,13500.000000,3.141593,-1244.769539,-0.000431200873199,1244.769539)
(-5295.044700,13500.000000,3.141593,-1197.875752,-0.000414956386755,1197.875752)
(-5345.044700,13500.000000,3.141593,-1150.981964,-0.000398711899964,1150.981964)
(-5395.044700,13500.000000,3.141593,-1104.088176,-0.000382467413174,1104.088176)
(-5445.044700,13500.000000,3.141593,-1057.194389,-0.00036622292673,1057.194389)
(-5495.044700,13500.000000,3.141593,-1010.300601,-0.00034997843994,1010.300601)
(-5545.044700,13500.000000,3.141593,-963.406814,-0.000333733953496,963.406814)
(-5595.044700,13500.000000,3.141593,-916.513026,-0.000317489466706,916.513026)
(-5645.044700,13500.000000,3.141593,-869.619238,-0.000301244979916,869.619238)
(-5695.044700,13500.000000,3.141593,-822.725451,-0.000285000493472,822.725451)
(-5745.044700,13500.000000,3.141593,-775.831663,-0.000268756006682,775.831663)
(-5795.044700,13500.000000,3.141593,-728.937876,-0.000252511520238,728.937876)
(-5845.044700,13500.000000,3.141593,-682.044088,-0.000236267033448,682.044088)
(-5895.044700,13500.000000,3.141593,-635.150301,-0.000220022547004,635.150301)
(-5945.044700,13500.000000,3.141593,-588.256513,-0.000203778060214,588.256513)
(-5995.044700,13500.000000,3.141593,-541.362725,-0.000187533573423,541.362725)
(-6045.044700,13500.000000,3.141593,-494.468938,-0.000171289086979,494.468938)
(-6095.044700,13500.000000,3.141593,-447.57515,-0.000155044600189,447.575150)
(-6145.044700,13500.000000,3.141593,-400.681363,-0.000138800113745,400.681363)
(-6195.044700,13500.000000,3.141593,-353.787575,-0.000122555626955,353.787575)
(-6245.044700,13500.000000,3.141593,-306.893788,-0.000106311140511,306.893788)
